Element 1	0.00420298	0.0627763	0.0300907	0.225351	0.225367	0.225332	0.0677757	0.00356609	0.0276136	4.38854	0.403885	1.4449
Element 10	0.408372	0.454419	0.144565	0.588229	0.588289	121.246	0.0591531	0.124004	0.00164986	0.463964	1.23413	0.0205869
Element 100	4.24935	5.03557	0.188921	0.475264	13.8571	0.0526975	0.394356	2.61213	0.138002	0.411194	17.8538	0.0812774
Element 101	0.200943	4.4012	4.9725	0.0548367	0.504248	14.5721	2.47531	0.386883	0.131936	17.2978	0.405044	0.0780821
Element 102	0.216053	4.91107	4.54863	0.0583584	15.3264	0.534435	2.36114	0.126277	0.381364	16.8165	0.0750305	0.399306
Element 103	4.86738	0.319974	4.58872	16.0321	0.0670871	0.577039	0.121482	2.3164	0.379258	0.0722276	14.128	0.389973
Element 11	0.136472	0.770678	0.156862	0.0499965	0.8819	16.1769	0.996822	0.0380305	0.127685	20.0133	0.260516	0.699559
Element 12	0.304384	0.756271	0.101165	0.0842014	1.64066	29.7143	0.0345203	0.971751	0.120593	0.216596	12.1237	0.560866
Element 13	0.777419	0.0578312	0.426387	2.71058	71.7532	0.0913332	0.113407	0.790114	0.0323294	0.448867	8.66367	0.178503
Element 14	1.06544	0.120144	0.180915	1.04118	68.7113	0.0887534	1.12066	0.0305453	1.59964	3.70063	0.214098	9.99097
Element 15	1.05284	0.29944	0.117461	1.31963	0.128461	102.19	0.960643	0.0263556	1.38059	2.87478	0.182077	7.49166
Element 16	1.01647	0.441767	0.121504	1.69182	0.17418	167.011	0.827967	0.0233023	1.18303	2.30343	0.156954	5.85783
Element 17	0.944221	0.437322	0.254548	0.240052	9.3051	9.30486	0.0547763	0.800088	0.0107489	0.168656	2.9785	0.0684241
Element 18	1.06983	0.424632	0.243898	0.287791	12.4157	12.4159	0.0479446	0.764959	0.00823128	0.13698	2.43941	0.0527259
Element 19	0.692718	0.965161	0.148467	7.1085	0.357533	0.0393763	0.0264645	1.80884	0.5439	0.103591	32.2845	1.67791
Element 2	1.87544e-005	0.000410596	0.1963	0.212428	0.332212	0.517325	0.00836016	0.0295102	4.65929e-007	0.366668	1.37172	37576.8
Element 20	0.366903	0.866379	0.667203	0.0614274	0.570882	7.82966	0.487744	1.82406	0.0220248	1.32531	21.0056	0.0911853
Element 21	0.378872	0.900023	0.715289	0.069891	0.521062	7.87708	0.0188641	0.407946	1.61787	0.0817513	1.11141	18.0841
Element 22	0.362383	0.984233	0.741716	0.0754707	0.497757	8.17659	0.362555	1.49159	0.016166	0.955525	16.2222	0.0733141
Element 23	0.352961	0.746791	1.08364	0.0819204	8.8119	0.510646	1.39014	0.331273	0.0140423	14.8902	0.838543	0.0657433
Element 24	1.34348	0.50704	0.426359	1.25814	11.5043	0.085366	0.0117242	0.511967	0.338286	0.0600177	1.53772	0.662418
Element 25	0.326698	0.717297	1.33212	0.0888813	11.13	0.582141	0.280802	1.15499	0.0111984	0.671583	12.6825	0.0532334
Element 26	0.313455	0.68929	1.47142	0.0899326	13.0366	0.633345	1.03299	0.25828	0.0103461	11.6783	0.609116	0.0481611
Element 27	0.315878	1.60139	0.656394	0.0946683	0.699436	15.6954	0.936747	0.00977563	0.238379	10.9392	0.0437447	0.556286
Element 28	1.72255	0.329543	0.623007	0.776607	0.102262	19.4156	0.00943497	0.854064	0.221074	0.0398685	10.4078	0.510869
Element 29	0.358775	1.76181	0.636905	0.106153	1.01641	15.3659	0.00744931	0.189002	0.22962	0.0385346	0.398428	0.90142
Element 3	0.0745844	0.0715382	0.145315	0.881151	0.0459143	0.881302	1.12126	0.00251737	0.358435	18.8484	0.15919	6.12371
Element 30	0.570894	1.98909	0.306061	0.126535	2.17782	37.8619	0.2356	0.397061	0.00685657	0.367019	0.86642	0.0335779
Element 31	0.625528	2.05303	0.289608	0.110006	2.41096	47.8686	0.207911	0.34508	0.00655634	0.327807	0.743139	0.0309411
Element 32	0.590953	0.539981	2.00626	0.118376	71.8937	1.39305	0.749705	0.183581	0.00952191	6.89943	0.364667	0.0269889
Element 33	0.777875	0.593848	1.95919	0.150733	142.882	1.7475	0.17988	0.863267	0.00959053	0.331801	5.8549	0.0233778
Element 34	0.958391	0.603851	1.90829	0.183776	196.819	2.15082	0.173886	0.935265	0.00862255	0.300006	4.92471	0.0212308
Element 35	1.14136	0.518119	1.85732	0.218709	193.917	2.65755	0.168217	0.975706	0.00724188	0.27172	4.19483	0.0199326
Element 36	0.324387	1.31732	1.79913	63.1318	0.254706	3.23668	0.00429961	1.00429	0.162188	0.0198966	3.61095	0.245584
Element 37	0.290445	2.44201	0.769435	0.036842	1.16013	16.9591	1.58687	0.00281618	0.128664	2.53083	0.0188577	0.210754
Element 38	0.0137373	1.97549	1.59261	0.0187469	6.36079	0.221992	0.173264	4.6628	0.00161265	0.201625	25.3028	0.0153611
Element 39	0.675303	0.470287	2.63498	0.0654332	106.109	2.06644	0.109622	0.960349	0.00528922	0.193132	1.63311	0.0166084
Element 4	0.0611643	0.125755	0.200832	0.0990182	0.0990272	1.87393	0.787243	0.00158848	0.273962	9.32795	0.08919	3.20688
Element 40	2.64366	0.554225	0.761377	2.20203	178.26	0.0767219	0.00602947	0.0991631	0.956782	0.0155143	0.176176	1.54331
Element 41	0.659533	1.84546	1.25584	0.0866145	5.94774	0.640851	0.122253	0.706638	0.00262382	0.166646	1.62853	0.00826258
Element 42	0.61016	1.26544	1.97429	0.0911628	0.506776	5.8959	0.648029	0.00260381	0.113887	1.46634	0.00784336	0.155114
Element 43	0.855189	1.6622	1.45575	0.102962	7.64907	1.0164	0.105446	0.771657	0.00220993	0.142303	1.34659	0.00790359
Element 44	0.470847	1.58181	2.0242	0.093303	0.452831	7.11489	0.00197036	0.626913	0.102641	0.00756182	1.254	0.133786
Element 45	0.420052	1.76267	2.02736	0.0938883	0.464442	8.19346	0.00145487	0.62281	0.099153	0.00782705	1.17194	0.124533
Element 46	2.10475	2.03884	0.182067	8.68606	0.378924	0.142922	0.0952041	0.591445	0.00113329	0.117126	1.07844	0.00780252
Element 47	2.07981	0.443171	1.96515	9.9254	0.10492	0.640104	0.596131	0.478016	0.0946459	0.889595	1.98509	0.112744
Element 48	1.63658	2.17928	0.771301	12.454	1.45135	0.126696	0.664194	0.764563	0.0861127	0.777659	1.66075	0.105728
Element 49	2.24821	1.64707	0.788679	1.51914	13.0113	0.106128	0.0812579	0.66828	0.638467	0.0994046	1.49742	0.718423
Element 5	0.125716	0.173314	0.184775	0.148259	0.148257	3.34227	0.19525	0.529642	0.0010823	1.97339	5.70036	0.0564857
Element 50	2.16645	0.688691	1.92432	11.3175	0.110131	0.674465	0.56536	0.918684	0.0780542	0.733565	10.231	0.0931104
Element 51	1.73662	0.999871	2.13972	0.884335	0.138462	11.9666	0.560567	0.993773	0.0737375	0.672673	8.7233	0.0878578
Element 52	2.09384	1.56941	1.30942	12.6857	1.21237	0.166633	0.0698068	1.0497	0.555594	0.0830818	7.43148	0.617488
Element 53	1.60187	1.9851	1.48226	0.195032	13.6976	1.80305	0.553807	1.11729	0.0660721	0.567912	6.4088	0.0786615
Element 54	1.60015	1.71645	1.84968	2.92913	15.5883	0.222526	0.0623814	1.21388	0.554052	0.0745581	5.56013	0.521995
Element 55	2.95237	0.428106	1.89599	6.01462	46.4151	0.18011	0.0548013	4.70839	0.590357	0.07128	45.6703	0.470236
Element 56	3.19434	1.9829	0.155121	9.27352	0.228742	0.0382	0.0673222	4.48474	0.542674	0.0730962	29.5704	0.408647
Element 57	2.05036	0.142114	3.23538	0.220348	0.0396438	9.56979	0.0634683	3.97961	0.520117	0.0692443	25.3178	0.383614
Element 58	3.22991	0.157618	2.13478	9.9466	0.0415379	0.240481	0.501908	3.80889	0.0596625	0.366252	24.3276	0.0659653
Element 59	0.158189	3.18142	2.27622	0.0391309	10.414	0.281672	3.97705	0.0558448	0.485208	26.1873	0.0630922	0.354234
Element 6	0.212081	0.199812	0.168254	0.208605	0.20861	5.57871	0.142048	0.363831	0.000835012	1.33312	3.808	0.0403983
Element 60	0.181379	3.17616	2.35222	0.0437325	10.7843	0.305572	3.83126	0.052589	0.470091	25.4745	0.0602676	0.339017
Element 61	0.192987	2.43756	3.17249	0.0437786	0.329337	11.126	3.58105	0.456529	0.0494812	24.671	0.32499	0.0576553
Element 62	0.212003	3.16892	2.51503	0.0457704	11.4537	0.355561	0.444081	3.36742	0.0465653	0.311953	24.0291	0.0552267
Element 63	2.59355	3.16558	0.229403	0.382453	11.7675	0.0476642	0.432258	3.17262	0.0437958	0.29972	23.4463	0.0529441
Element 64	3.19145	2.55766	0.332682	12.0225	0.408339	0.058582	0.0414243	2.61037	0.420527	0.0506771	19.9344	0.285686
Element 65	0.259407	3.16178	2.75096	0.0504689	12.314	0.438338	2.79248	0.0385931	0.410882	22.3797	0.0487921	0.277623
Element 66	3.16055	2.82752	0.27514	12.547	0.467899	0.0523227	0.400967	2.63111	0.0361334	0.267615	21.9498	0.0468871
Element 67	0.288642	2.90567	3.1596	0.0540508	0.497581	12.76	0.39128	2.48596	0.0337664	0.258152	21.5401	0.0450664
Element 68	3.15573	0.31152	2.97722	12.9729	0.0581399	0.531213	0.381564	2.40248	0.0315224	0.249196	21.3628	0.0433253
Element 69	3.15592	0.322545	3.05569	13.1232	0.0597223	0.561877	0.0292845	0.372487	2.27834	0.0416534	0.240822	21.0034
Element 7	0.533016	0.0529009	0.092416	0.290953	10.3548	10.354	0.261799	0.000880262	0.110167	2.76253	0.0347681	0.993422
Element 70	3.10795	3.14091	0.37566	0.606348	13.3705	0.0729815	0.361901	2.45409	0.0272384	0.232652	21.2695	0.039997
Element 71	3.11447	0.539634	3.06461	13.8969	0.0891709	0.67992	0.0258564	2.13984	0.347788	0.0382809	18.0079	0.222707
Element 72	3.01167	3.16285	0.633422	0.710402	13.8262	0.0948487	0.341417	1.53566	0.0240724	0.21413	15.5299	0.0367834
Element 73	3.20237	0.830098	2.86552	13.8446	0.118382	0.766369	0.0224814	1.40165	0.333741	0.0352935	14.6149	0.205704
Element 74	0.924907	2.75555	3.3044	0.128663	0.765826	13.4471	0.329974	1.09916	0.0206499	0.198219	13.5088	0.0338918
Element 75	1.96952	1.21727	4.10392	49.8831	0.133244	1.84397	0.0290792	0.230697	0.60884	0.0284193	0.190969	1.3709
Element 76	2.06386	1.29603	3.96921	40.5672	0.146559	1.82562	0.0269835	0.231084	0.630467	0.0284172	0.179765	1.38912
Element 77	2.21523	1.37573	3.78244	32.4464	0.16092	1.78757	0.0244643	0.236932	0.648471	0.028291	0.170692	1.37928
Element 78	0.984698	2.73987	3.61697	0.160911	0.718972	12.9281	0.302886	0.278371	0.0152124	0.170135	1.49863	0.0283511
Element 79	0.961263	3.69581	2.77567	0.170932	12.9335	0.689997	0.295414	0.311476	0.0143237	0.163526	1.39201	0.0271265
Element 8	0.339969	0.30757	0.130369	0.38157	0.381571	19.192	0.0883326	0.196587	0.00099622	0.760636	2.07401	0.0303267
Element 80	1.292	2.75161	3.49388	0.183433	0.942368	14.6236	0.277305	0.430233	0.0148294	0.15511	1.28872	0.0261904
Element 81	3.75965	3.21196	0.647768	13.5042	0.666331	0.0922518	0.276123	0.318839	0.0131668	0.150313	1.12566	0.024888
Element 82	1.00796	3.09796	3.61297	0.117268	0.880453	14.7326	0.262401	0.405622	0.0131813	0.143491	1.04104	0.0239575
Element 83	1.59827	4.38234	2.06075	0.156897	2.47095	57.2439	0.194426	0.822705	0.0233227	0.132979	0.956533	0.0223038
Element 84	1.71463	2.14116	4.37512	97.9263	0.210194	3.66949	0.0216217	0.197844	0.652048	0.0198456	0.133759	0.780432
Element 85	1.48048	2.09175	4.75246	125.944	0.183803	4.19891	0.0185644	0.205859	0.713541	0.0181384	0.133035	0.703032
Element 86	0.630022	3.80963	3.89756	0.14091	30.8516	0.65156	0.240755	2.62869	0.0314286	0.1089	6.42383	0.0242347
Element 87	5.23288	2.48604	0.323431	8.606	0.304544	0.0387759	0.255404	0.553607	0.00575279	0.128718	0.536977	0.0129418
Element 88	1.44193	3.55292	3.9126	0.118741	1.0174	63.1815	0.216174	3.94192	0.0460423	0.0955806	35.0603	0.022085
Element 89	1.45864	4.18945	3.65866	0.10776	88.9091	1.05089	0.208479	3.16528	0.0523893	0.0909336	31.3298	0.0208808
Element 9	0.230561	0.52689	0.124347	0.480754	0.480764	39.5307	0.00124617	0.0720453	0.153076	0.0262182	0.592496	1.59128
Element 90	1.19014	2.55381	4.6811	0.0773469	0.659694	12.8014	0.226121	0.358251	0.00782264	0.108632	0.456766	0.0162623
Element 91	4.68538	2.98414	0.891988	14.4504	0.556439	0.0669513	0.224825	0.304445	0.00948163	0.103235	0.427256	0.0177731
Element 92	4.63344	3.18157	0.876455	16.3377	0.569518	0.068886	0.221685	0.272917	0.0111737	0.0984255	0.409471	0.0186215
Element 93	4.56774	3.40325	0.861842	19.0993	0.5901	0.0703205	0.219729	0.238177	0.0138306	0.0936334	0.393555	0.0194437
Element 94	5.45671	0.111688	3.3026	10.1893	0.0398131	0.314622	0.184568	0.493644	3.57485	0.104221	0.463081	21.937
Element 95	5.38322	0.123343	3.46469	10.729	0.0415138	0.339326	0.175437	3.398	0.46946	0.0998932	21.1602	0.451997
Element 96	5.38402	3.49861	0.18804	11.1211	0.35675	0.0539854	0.169143	3.19595	0.464393	0.0960083	18.0694	0.436318
Element 97	3.66091	0.203055	5.30698	0.384421	0.0548547	11.715	0.160934	3.04808	0.44361	0.092102	17.3525	0.427132
Element 98	3.9415	5.16915	0.161941	0.418247	12.5202	0.048154	0.4153	2.91761	0.151475	0.424914	19.09	0.0881569
Element 99	4.09781	5.10079	0.174617	0.446021	13.1769	0.0502743	2.76775	0.144497	0.402772	18.4815	0.0846233	0.41764
